3 2 2
1 1 1
4 4 8 2
335 302 364 363 360 351	306	331	351	309	314	307	363	340	327	321	365	361	343	343	358	338	363	300	307 20
299	294	204	212	294	252	284	264	293	244	203	209	264	279	211	235	284	212	275	274	217	217	282	234	237	289	214	235	280	277	287	281	200	297 28
13 38 37 27	43 32 10 29	47 35 8	41 9 2 19 22 23	6 48 27	13 46 26 28	32 39 35 30	19 16 42 13	22 47 49 14	29 4 43 29
3 10 5 2 10	9 2	2 4	7 9	2 5	5 3	7 10 6 4 2 8
50 50 50 50 50 50 50 50 50 50 50 50 50 50 50 50 50 50 50 50 50 50 50 50 50 50 50 50 50 50 50 50 1
44 44 44 44 44 44 44 4 44 44 44 44 44 44 44 44 44 44 44 44 44 44 44 44 44 2
287	166	276	103	199	111	337	189	102	5 99 141 93	250	193	37 210 69 35 18	34 110 203 365 255 76 126 193 191 173 333 171 13 207 74	193	299	78 23 2	161 39
36 341 45 335 89 266 357 228 33 51 96 321 199 116 325 130 158 53 79 232 159 1 149 270 302 326 273 113 348 354 196 178 291 365 122 170 250 280 123 183 157 168 289 281 3 54 143 121 352 244 50